0112
0113
0122
0123
0132
0133
0142
0143
0212
0213
0222
0223
0232
0233
0242
0243
0312
0313
0322
0323
0332
0333
0342
0343
0412
0413
0422
0423
0432
0433
0442
0443
0512
0513
0522
0523
0532
0533
0542
0543
0612
0613
0622
0623
0632
0633
0642
0643
0712
0713
0722
0723
0732
0733
0742
0743
0812
0813
0822
0823
0912
0913
0922
0923
0932
0933
0942
0943
1012
1013
1022
1023
1032
1033
1042
1043
1112
1113
1122
1123
1132
1133
1142
1143
1212
1213
1222
1223
1232
1233
1242
1243
1312
1313
1322
1323
1332
1333
1342
1343
1412
1413
1422
1423
1432
1433
1442
1443
1512
1513
1522
1523
1532
1533
1542
1543
1612
1613
1622
1623
1632
1633
1642
1643
1712
1713
1722
1723
1732
1733
1742
1743
1812
1813
1822
1823
1832
1833
1842
1843
1912
1913
1922
1923
1932
1933
1942
1943
2012
2013
2022
2023
2032
2033
2042
2043
2112
2113
2122
2123
2132
2133
2142
2143
2212
2213
2222
2223
2232
2233
2242
2243
2312
2313
2322
2323
2332
2333
2342
2343
2412
2413
2422
2423
2432
2433
2442
2443
2512
2513
2522
2523
2532
2533
2542
2543
2612
2613
2622
2623
2632
2633
2642
2643
